7
19
62
11
6
95
16
55
59
84
87
96
26
55
99
36
51
36
22
27
17
55
5
98
3
52
3
14
21
24
10
79
80
22
12
11
7
14
35
87
5
97
31
34
69
50
84
96
93
49
3
31
96
3
80
54
35
26
78
91
9
55
24
99
44
78
17
59
76
25
13
82
44
6
85
2
60
55
13
33
24
27
48
41
83
59
33
8
45
54
46
59
84
91
9
77
39
38
72
68
52
82
81
0
90
58
91
91
19
86
33
38
96
61
17
39
69
85
90
23
89
71
79
79
1
38
99
90
49
55
17
14
51
35
8
1
57
97
93
31
83
26
6
3
22
3
27
14
32
46
80
19
35
6
5
74
5
33
3
52
78
31
36
17
6
13
58
57
83
16
33
7
64
61
86
32
64
18
37
69
68
67
19
1
7
82
57
61
8
32
61
45
27
10
58
28
13
21
75
61
6
30
29
18
33
93
54
85
79
97
31
98
18
94
7
35
29
51
18
28
33
99
24
72
62
43
10
44
19
61
75
27
37
60
88
82
91
48
6
55
95
1
34
85
21
76
87
27
97
62
13
74
68
30
9
21
32
38
68
16
13
50
37
21
83
97
43
64
13
52
66
33
53
17
85
88
6
17
9
56
12
94
60
9
6
45
28
76
30
67
37
38
70
83
50
62
42
69
93
79
28
46
9
98
51
61
24
73
21
68
3
90
76
84
1
82
75
39
97
14
94
76
84
79
31
2
74
2
17
37
18
8
67
38
96
8
67
70
52
64
1
71
81
9
98
27
39
60
62
70
64
13
69
2
37
94
43
18
5
85
60
88
78
87
15
28
11
50
51
95
51
23
63
21
21
37
22
99
75
69
83
0
16
87
48
79
32
85
47
66
34
83
51
71
90
0
63
16
86
93
28
4
23
31
98
25
77
55
69
81
31
22
43
67
62
87
65
54
54
73
3
56
38
69
37
25
60
10
12
54
57
67
51
62
40
91
46
17
18
9
33
80
85
26
34
21
38
33
86
68
98
1
77
58
49
90
24
46
27
45
45
14
11
38
10
77
20
41
53
75
28
1
0
5
89
78
83
31
40
5
41
4
12
22
28
2
99
54
11
95
8
7
39
52
25
89
67
24
5
62
60
68
19
82
88
7
41
78
35
17
27
71
60
74
72
68
26
82
20
13
82
99
13
94
94
91
87
63
24
51
70
42
1
53
30
72
30
66
11
33
37
35
13
64
37
99
83
18
83
55
31
51
5
51
13
50
57
1
53
35
23
38
28
76
4
84
35
27
95
31
38
84
6
61
8
2
62
11
48
49
36
85
13
20
20
30
68
73
56
0
50
42
83
94
25
37
53
58
56
48
53
13
71
79
41
59
69
19
30
96
80
17
65
52
66
32
99
40
18
45
89
89
59
89
11
75
35
69
30
94
25
25
22
41
96
1
39
57
43
14
4
89
85
30
21
48
26
56
74
78
36
34
69
76
88
1
57
12
18
7
86
94
48
20
17
58
71
99
79
51
12
35
74
67
85
59
97
32
0
59
9
27
25
62
18
22
37
80
48
89
56
72
59
61
71
52
65
40
7
97
22
16
38
14
11
72
87
40
48
94
98
65
92
80
50
79
24
29
90
92
52
59
3
91
65
83
8
49
92
48
37
66
48
17
10
48
11
75
28
99
63
93
18
94
36
64
49
81
94
49
58
32
20
13
34
33
45
27
92
19
12
2
48
51
20
99
92
19
41
65
99
78
81
24
1
30
91
79
36
22
69
48
2
80
38
99
86
86
66
58
30
38
43
92
92
60
62
24
59
77
27
49
92
41
63
29
26
65
54
30
35
56
92
61
94
29
21
42
89
90
5
49
1
87
28
16
61
40
67
21
64
53
44
92
39
70
48
94
83
68
69
37
96
87
84
80
62
17
69
93
93
8
14
74
96
28
23
46
92
92
47
6
60
19
88
41
57
43
29
68
70
42
97
46
5
17
60
28
37
26
54
57
21
13
72
14
56
23
52
65
88
0
33
67
16
63
7
4
44
52
57
71
32
91
72
31
57
59
73
55
73
67
24
89
78
4
84
61
97
39
70
9
65
55
57
80
55
82
73
78
35
15
5
99
32
31
23
36
44
24
94
75
4
51
59
49
95
50
41
3
83
44
51
51
20
6
89
77
4
98
46
94
59
61
32
44
92
70
83
0
7
38
56
81
3
57
95
22
12
47
60
12
45
42
26
98
19
76
2
54
86
1
38
33
90
13
39
54
26
20
